1775552260136 30.0 8192
1775552532392 30.0 16384
1775552839946 28.0 24576
1775553074135 30.0 32768
1775553382431 29.0 40960
1775553622358 30.0 49152
1775553875651 30.0 57344
1775554212159 29.0 65536
1775554458709 29.0 73728
1775554817134 28.0 81920
1775555083451 29.0 90112
1775555363441 29.0 98304
1775555710836 28.0 106496
1775555977698 28.0 114688
1775556283059 28.0 122880
1775556522645 28.0 131072
1775556763160 29.0 139264
1775557106347 28.0 147456
1775557344708 29.0 155648
1775557680237 28.0 163840
1775557925058 28.0 172032
1775558277395 28.0 180224
1775558520769 28.0 188416
1775558761716 29.0 196608
1775559094355 28.0 204800
1775559333395 29.0 212992
1775559700182 28.0 221184
1775559950321 28.0 229376
1775560210466 28.0 237568
1775560539871 28.0 245760
1775560787777 28.0 253952
