1775552259957 1.0 8192
1775552532147 2.0 16384
1775552839746 3.0 24576
1775553073900 4.0 32768
1775553382197 5.0 40960
1775553622130 6.0 49152
1775553875403 7.0 57344
1775554211993 8.0 65536
1775554458466 9.0 73728
1775554816964 10.0 81920
1775555083203 11.0 90112
1775555363199 12.0 98304
1775555710662 13.0 106496
1775555977456 14.0 114688
1775556282909 15.0 122880
1775556522408 16.0 131072
1775556762919 17.0 139264
1775557106156 18.0 147456
1775557344475 19.0 155648
1775557680071 20.0 163840
1775557924813 21.0 172032
1775558277206 22.0 180224
1775558520535 23.0 188416
1775558761477 24.0 196608
1775559094197 25.0 204800
1775559333157 26.0 212992
1775559700030 27.0 221184
1775559950070 28.0 229376
1775560210228 29.0 237568
1775560539646 30.0 245760
1775560787613 31.0 253952
