1775552260177 271.0 8192
1775552532478 542.0 16384
1775552840024 850.0 24576
1775553074213 1084.0 32768
1775553382513 1393.0 40960
1775553622406 1632.0 49152
1775553875734 1885.0 57344
1775554212203 2223.0 65536
1775554458787 2468.0 73728
1775554817178 2828.0 81920
1775555083534 3093.0 90112
1775555363522 3373.0 98304
1775555710878 3721.0 106496
1775555977776 3987.0 114688
1775556283104 4293.0 122880
1775556522726 4532.0 131072
1775556763237 4773.0 139264
1775557106391 5117.0 147456
1775557344791 5354.0 155648
1775557680318 5691.0 163840
1775557925141 5935.0 172032
1775558277480 6288.0 180224
1775558520846 6530.0 188416
1775558761797 6771.0 196608
1775559094395 7105.0 204800
1775559333473 7343.0 212992
1775559700222 7711.0 221184
1775559950401 7960.0 229376
1775560210548 8220.0 237568
1775560539938 8550.0 245760
1775560787858 8798.0 253952
