1775552260261 8192.0 8192
1775552532561 16384.0 16384
1775552709975 20000.0 20000
1775552840105 24576.0 24576
1775553074292 32768.0 32768
1775553355538 40000.0 40000
1775553382594 40960.0 40960
1775553622450 49152.0 49152
1775553875819 57344.0 57344
1775554048815 60000.0 60000
1775554212282 65536.0 65536
1775554458862 73728.0 73728
1775554758678 80000.0 80000
1775554817259 81920.0 81920
1775555083616 90112.0 90112
1775555363605 98304.0 98304
1775555500965 100000.0 100000
1775555710962 106496.0 106496
1775555977855 114688.0 114688
1775556199476 120000.0 120000
1775556283183 122880.0 122880
1775556522799 131072.0 131072
1775556763314 139264.0 139264
1775556894657 140000.0 140000
1775557106436 147456.0 147456
1775557344874 155648.0 155648
1775557568889 160000.0 160000
1775557680397 163840.0 163840
1775557925225 172032.0 172032
1775558270649 180000.0 180000
1775558277559 180224.0 180224
1775558520926 188416.0 188416
1775558761878 196608.0 196608
1775558956572 200000.0 200000
1775559094476 204800.0 204800
1775559333547 212992.0 212992
1775559665117 220000.0 220000
1775559700306 221184.0 221184
1775559950485 229376.0 229376
1775560210623 237568.0 237568
1775560366935 240000.0 240000
1775560540003 245760.0 245760
1775560787937 253952.0 253952
