1775791730508 35.0 8192
1775791976648 34.0 16384
1775792273287 31.0 24576
1775792505673 32.0 32768
1775792796421 31.0 40960
1775793028173 32.0 49152
1775793258952 32.0 57344
1775793546137 32.0 65536
1775793779657 32.0 73728
1775794110606 31.0 81920
1775794363414 31.0 90112
1775794618259 31.0 98304
1775794946477 30.0 106496
1775795204650 30.0 114688
1775795503973 30.0 122880
1775795749986 30.0 131072
1775795994306 31.0 139264
1775796307255 30.0 147456
1775796553934 30.0 155648
1775796854385 30.0 163840
1775797095156 30.0 172032
1775797394017 30.0 180224
1775797634183 30.0 188416
1775797874875 30.0 196608
1775798172098 30.0 204800
1775798414698 30.0 212992
1775798720743 30.0 221184
1775798961389 30.0 229376
1775799213012 30.0 237568
