1775791730335 1.0 8192
1775791976411 2.0 16384
1775792273110 3.0 24576
1775792505436 4.0 32768
1775792796237 5.0 40960
1775793027933 6.0 49152
1775793258722 7.0 57344
1775793545958 8.0 65536
1775793779417 9.0 73728
1775794110468 10.0 81920
1775794363166 11.0 90112
1775794618019 12.0 98304
1775794946276 13.0 106496
1775795204455 14.0 114688
1775795503794 15.0 122880
1775795749743 16.0 131072
1775795994067 17.0 139264
1775796307075 18.0 147456
1775796553697 19.0 155648
1775796854207 20.0 163840
1775797094914 21.0 172032
1775797393847 22.0 180224
1775797633944 23.0 188416
1775797874633 24.0 196608
1775798171891 25.0 204800
1775798414458 26.0 212992
1775798720511 27.0 221184
1775798961149 28.0 229376
1775799212778 29.0 237568
