1775791730547 228.0 8192
1775791976728 473.0 16384
1775792273324 771.0 24576
1775792505752 1002.0 32768
1775792796500 1294.0 40960
1775793028249 1525.0 49152
1775793259032 1755.0 57344
1775793546218 2043.0 65536
1775793779737 2276.0 73728
1775794110684 2608.0 81920
1775794363497 2860.0 90112
1775794618338 3115.0 98304
1775794946525 3444.0 106496
1775795204728 3701.0 114688
1775795504051 4001.0 122880
1775795750071 4246.0 131072
1775795994393 4491.0 139264
1775796307337 4804.0 147456
1775796554013 5050.0 155648
1775796854464 5352.0 163840
1775797095236 5592.0 172032
1775797394062 5891.0 180224
1775797634265 6131.0 188416
1775797874957 6371.0 196608
1775798172180 6669.0 204800
1775798414777 6911.0 212992
1775798720824 7218.0 221184
1775798961470 7458.0 229376
1775799213090 7709.0 237568
