1775791730632 8192.0 8192
1775791976804 16384.0 16384
1775792139422 20000.0 20000
1775792273403 24576.0 24576
1775792505830 32768.0 32768
1775792769487 40000.0 40000
1775792796577 40960.0 40960
1775793028327 49152.0 49152
1775793259105 57344.0 57344
1775793394556 60000.0 60000
1775793546297 65536.0 65536
1775793779816 73728.0 73728
1775794052879 80000.0 80000
1775794110766 81920.0 81920
1775794363576 90112.0 90112
1775794618417 98304.0 98304
1775794736432 100000.0 100000
1775794946569 106496.0 106496
1775795204810 114688.0 114688
1775795418762 120000.0 120000
1775795504130 122880.0 122880
1775795750150 131072.0 131072
1775795994474 139264.0 139264
1775796089583 140000.0 140000
1775796307418 147456.0 147456
1775796554094 155648.0 155648
1775796743879 160000.0 160000
1775796854547 163840.0 163840
1775797095316 172032.0 172032
1775797387229 180000.0 180000
1775797394140 180224.0 180224
1775797634345 188416.0 188416
1775797875034 196608.0 196608
1775798033627 200000.0 200000
1775798172262 204800.0 204800
1775798414856 212992.0 212992
1775798686771 220000.0 220000
1775798720903 221184.0 221184
1775798961549 229376.0 229376
1775799213171 237568.0 237568
1775799349187 240000.0 240000
