1775552531653 0.007985401898622513 16384
1775552709341 0.022939950227737427 20000
1775553073428 0.0087693827226758 32768
1775553354902 0.006782274693250656 40000
1775553621764 0.010540354996919632 49152
1775553874919 0.008840689435601234 57344
1775554048191 0.005642351694405079 60000
1775554457990 0.0090129179880023 73728
1775554758039 0.004787508398294449 80000
1775555082714 0.00549700390547514 90112
1775555362706 0.006705759093165398 98304
1775555500331 0.0071899667382240295 100000
1775555976980 0.004877736791968346 114688
1775556198838 0.004754112102091312 120000
1775556521933 0.005171659868210554 131072
1775556762444 0.003965418785810471 139264
1775556894023 0.004067862406373024 140000
1775557343997 0.004998236894607544 155648
1775557568222 0.003638284746557474 160000
1775557924323 0.004759865812957287 172032
1775558270023 0.004544474184513092 180000
1775558520095 0.003698482643812895 188416
1775558761005 0.004092469811439514 196608
1775558955931 0.0039374553598463535 200000
1775559332677 0.003261131700128317 212992
1775559664458 0.002736274152994156 220000
1775559949585 0.0029901452362537384 229376
1775560209759 0.003040039213374257 237568
1775560366291 0.0030733030289411545 240000
1775560787124 0.0033197146840393543 253952
