1775552531733 0.052294921875 16384
1775552709420 0.17440185546875 20000
1775553073508 0.07222900390625 32768
1775553354979 0.0281005859375 40000
1775553621809 0.04827880859375 49152
1775553874998 0.090576171875 57344
1775554048268 0.0393310546875 60000
1775554458070 0.04803466796875 73728
1775554758119 0.03961181640625 80000
1775555082801 0.05140380859375 90112
1775555362788 0.0814453125 98304
1775555500374 0.09744873046875 100000
1775555977055 0.0593994140625 114688
1775556198915 0.06351318359375 120000
1775556522013 0.087255859375 131072
1775556762524 0.02633056640625 139264
1775556894103 0.04971923828125 140000
1775557344077 0.04998779296875 155648
1775557568306 0.0364501953125 160000
1775557924405 0.0498291015625 172032
1775558270103 0.04661865234375 180000
1775558520178 0.042529296875 188416
1775558761086 0.0489501953125 196608
1775558956012 0.0442138671875 200000
1775559332760 0.04312744140625 212992
1775559664539 0.0348876953125 220000
1775559949662 0.03016357421875 229376
1775560209837 0.03140869140625 237568
1775560366374 0.0315185546875 240000
1775560787204 0.04031982421875 253952
