1775552532064 0.2 16384
1775552709737 0.2 20000
1775553073820 0.2 32768
1775553355299 0.2 40000
1775553622045 0.2 49152
1775553875323 0.2 57344
1775554048588 0.2 60000
1775554458386 0.2 73728
1775554758438 0.2 80000
1775555083126 0.2 90112
1775555363121 0.2 98304
1775555500710 0.2 100000
1775555977377 0.2 114688
1775556199235 0.2 120000
1775556522330 0.2 131072
1775556762841 0.2 139264
1775556894419 0.2 140000
1775557344397 0.2 155648
1775557568643 0.2 160000
1775557924732 0.2 172032
1775558270397 0.2 180000
1775558520496 0.2 188416
1775558761398 0.2 196608
1775558956331 0.2 200000
1775559333078 0.2 212992
1775559664867 0.2 220000
1775559949986 0.2 229376
1775560210149 0.2 237568
1775560366695 0.2 240000
1775560787521 0.2 253952
