1775552531517 -1.0928809011355043 16384
1775552709107 -1.0747944221831858 20000
1775553073256 -1.044485507812351 32768
1775553354667 -1.0374708603136242 40000
1775553621604 -1.006073207082227 49152
1775553874707 -0.9564793657045811 57344
1775554047995 -0.9444780124817044 60000
1775554457853 -0.9133349581155926 73728
1775554757802 -0.8248164542485028 80000
1775555082560 -0.8232472768519074 90112
1775555362559 -0.7914067070465535 98304
1775555500108 -0.7319592330604792 100000
1775555976809 -0.6912110684905202 114688
1775556198623 -0.6660500389058143 120000
1775556521792 -0.6224580842535943 131072
1775556762309 -0.6462704235222191 139264
1775556893784 -0.5831887525971979 140000
1775557343785 -0.5875706272898242 155648
1775557568023 -0.5759620553348214 160000
1775557924119 -0.547882748558186 172032
1775558269776 -0.5263592719333247 180000
1775558519942 -0.48138052253052593 188416
1775558760800 -0.4684990126406774 196608
1775558955692 -0.42698118574917315 200000
1775559332544 -0.40294900061562655 212992
1775559664220 -0.3528508460032754 220000
1775559949375 -0.36823227813001724 229376
1775560209624 -0.3336615319945849 237568
1775560366052 -0.30213114314246925 240000
1775560786988 -0.2996683113160543 253952
