1775552531899 -0.18351101875305176 16384
1775552709581 0.3559713363647461 20000
1775553073663 0.7665566205978394 32768
1775553355139 0.8787859082221985 40000
1775553621955 0.8975081443786621 49152
1775553875163 0.9024800062179565 57344
1775554048466 0.9160618782043457 60000
1775554458227 0.8858484029769897 73728
1775554758278 0.896407961845398 80000
1775555082967 0.8345769643783569 90112
1775555362953 0.768684983253479 98304
1775555500540 0.7445019483566284 100000
1775555977216 0.6944767236709595 114688
1775556199076 0.7181892395019531 120000
1775556522172 0.6842054128646851 131072
1775556762684 0.7568828463554382 139264
1775556894262 0.7726179361343384 140000
1775557344236 0.7900571823120117 155648
1775557568477 0.8191496729850769 160000
1775557924567 0.8781481385231018 172032
1775558270275 0.8187015056610107 180000
1775558520347 0.8707104921340942 188416
1775558761241 0.8368147611618042 196608
1775558956173 0.8568344712257385 200000
1775559332917 0.9071938395500183 212992
1775559664702 0.9262980818748474 220000
1775559949824 0.9239817261695862 229376
1775560209997 0.9178750514984131 237568
1775560366536 0.9452552795410156 240000
1775560787364 0.9380170106887817 253952
