1775552531445 0.0003 16384
1775552709066 0.0003 20000
1775553073200 0.0003 32768
1775553354616 0.0003 40000
1775553621528 0.0003 49152
1775553874642 0.0003 57344
1775554047940 0.0003 60000
1775554457787 0.0003 73728
1775554757747 0.0003 80000
1775555082487 0.0003 90112
1775555362480 0.0003 98304
1775555500038 0.0003 100000
1775555976746 0.0003 114688
1775556198565 0.0003 120000
1775556521727 0.0003 131072
1775556762246 0.0003 139264
1775556893742 0.0003 140000
1775557343719 0.0003 155648
1775557567969 0.0003 160000
1775557924053 0.0003 172032
1775558269732 0.0003 180000
1775558519876 0.0003 188416
1775558760746 0.0003 196608
1775558955638 0.0003 200000
1775559332480 0.0003 212992
1775559664176 0.0003 220000
1775559949311 0.0003 229376
1775560209549 0.0003 237568
1775560366001 0.0003 240000
1775560786937 0.0003 253952
