1775552531815 1.424364686012268 16384
1775552709503 0.4380882978439331 20000
1775553073584 0.5863333344459534 32768
1775553355059 0.4357212483882904 40000
1775553621908 0.22066137194633484 49152
1775553875080 0.2177300602197647 57344
1775554048344 0.39921730756759644 60000
1775554458149 0.212273508310318 73728
1775554758200 0.22067871689796448 80000
1775555082890 0.18202637135982513 90112
1775555362867 0.15017275512218475 98304
1775555500456 0.1903049498796463 100000
1775555977136 0.09404359012842178 114688
1775556198997 0.054048001766204834 120000
1775556522092 0.05436903238296509 131072
1775556762600 0.0712018832564354 139264
1775556894184 0.07857458293437958 140000
1775557344157 0.17430764436721802 155648
1775557568393 0.0862627848982811 160000
1775557924488 0.08086816966533661 172032
1775558270184 0.18668483197689056 180000
1775558520261 0.08663388341665268 188416
1775558761164 0.16858895123004913 196608
1775558956093 0.23791414499282837 200000
1775559332838 0.13915672898292542 212992
1775559664620 0.03741690516471863 220000
1775559949745 0.0353146530687809 229376
1775560209915 0.06132104620337486 237568
1775560366455 0.04247615113854408 240000
1775560787283 0.050850432366132736 253952
