1775552531979 10.0 16384
1775552709658 20.0 20000
1775553073744 30.0 32768
1775553355217 40.0 40000
1775553622002 50.0 49152
1775553875243 60.0 57344
1775554048505 70.0 60000
1775554458307 80.0 73728
1775554758357 90.0 80000
1775555083047 100.0 90112
1775555363038 110.0 98304
1775555500625 120.0 100000
1775555977300 130.0 114688
1775556199157 140.0 120000
1775556522251 150.0 131072
1775556762764 160.0 139264
1775556894339 170.0 140000
1775557344317 180.0 155648
1775557568557 190.0 160000
1775557924648 200.0 172032
1775558270314 210.0 180000
1775558520442 220.0 188416
1775558761319 230.0 196608
1775558956252 240.0 200000
1775559332999 250.0 212992
1775559664786 260.0 220000
1775559949904 270.0 229376
1775560210072 280.0 237568
1775560366615 290.0 240000
1775560787445 300.0 253952
