1775552531564 -0.004783957250401727 16384
1775552709185 -0.004644800196001597 20000
1775553073301 -0.003937880046760256 32768
1775553354748 -0.0014548261526215356 40000
1775553621658 -0.002845849902587361 49152
1775553874754 -0.004013318468969374 57344
1775554048033 -0.004266736801764637 60000
1775554457900 -0.0044494830717667355 73728
1775554757881 -0.004205497184375418 80000
1775555082612 -0.006657006934437959 90112
1775555362614 -0.010753094436222455 98304
1775555500155 -0.012168861570717126 100000
1775555976854 -0.004489460765216791 114688
1775556198710 -0.004286912657153153 120000
1775556521841 -0.005542099486228835 131072
1775556762356 -0.002170898062922788 139264
1775556893863 -0.0029666717480722584 140000
1775557343833 -0.005014689653398819 155648
1775557568060 -0.0043480989488671185 160000
1775557924163 -0.002799228940421017 172032
1775558269856 -0.0023809960955986755 180000
1775558519997 -0.002883568776451284 188416
1775558760844 -0.0024556577285693494 196608
1775558955771 -0.0036666524914835464 200000
1775559332591 -0.004810247384375544 212992
1775559664298 -0.0018669984785447014 220000
1775559949419 -0.0013288357491546775 229376
1775560209671 -0.0028945300096893333 237568
1775560366131 -0.002205161726942606 240000
1775560787035 -0.00468075008757296 253952
