1775552531614 2.676316344272345 16384
1775552709263 1.2551064783125185 20000
1775553073347 0.848558361409232 32768
1775553354823 0.6610973270027898 40000
1775553621715 0.6528237453545443 49152
1775553874836 0.6820205660071224 57344
1775554048115 0.5240399433416314 60000
1775554457949 0.6369360539945774 73728
1775554757964 0.6379562922287733 80000
1775555082667 0.7358557314844802 90112
1775555362663 0.5446378991706297 98304
1775555500237 0.460678749717772 100000
1775555976898 0.20484696232306304 114688
1775556198801 0.1291202843451174 120000
1775556521892 0.24897787080553826 131072
1775556762404 0.34872817817667967 139264
1775556893943 0.25624015277426226 140000
1775557343915 0.4064420440350659 155648
1775557568141 0.5642606096283999 160000
1775557924244 0.36334548516897486 172032
1775558269940 0.4552270926651545 180000
1775558520051 0.3686361199885141 188416
1775558760928 0.3967851097113453 196608
1775558955852 0.34226364879286847 200000
1775559332638 0.34542609414202163 212992
1775559664379 0.17141097045969217 220000
1775559949505 0.21779707754903938 229376
1775560209719 0.21163130550994538 237568
1775560366212 0.16786340560065582 240000
1775560787082 0.19925934411003254 253952
