1775552260086 178.42222222222222 8192
1775552532311 177.3932584269663 16384
1775552839866 193.03 24576
1775553074059 194.51 32768
1775553382350 196.47 40960
1775553622311 200.47 49152
1775553875569 195.08 57344
1775554212111 193.53 65536
1775554458629 188.73 73728
1775554817083 195.73 81920
1775555083370 189.62 90112
1775555363361 186.28 98304
1775555710785 179.26 106496
1775555977616 186.57 114688
1775556283013 190.9 122880
1775556522566 207.43 131072
1775556763082 212.36 139264
1775557106255 233.55 147456
1775557344627 236.43 155648
1775557680191 246.71 163840
1775557924979 260.31 172032
1775558277313 258.19 180224
1775558520690 271.52 188416
1775558761633 263.85 196608
1775559094309 281.56 204800
1775559333314 296.24 212992
1775559700135 307.52 221184
1775559950237 321.75 229376
1775560210389 348.9 237568
1775560539808 337.82 245760
1775560787698 327.69 253952
