1775552260030 -26.827444444444446 8192
1775552532229 -31.260224719101128 16384
1775552839819 -36.91755 24576
1775553073979 -39.51515 32768
1775553382266 -39.835449999999994 40960
1775553622219 -38.92955 49152
1775553875484 -38.7213 57344
1775554212063 -36.78815 65536
1775554458550 -35.37335 73728
1775554817032 -32.01885 81920
1775555083289 -24.007800000000003 90112
1775555363281 -13.308700000000002 98304
1775555710732 -2.7190999999999996 106496
1775555977535 2.6473500000000003 114688
1775556282965 3.8433000000000006 122880
1775556522488 5.54995 131072
1775556763001 5.8587 139264
1775557106208 9.73085 147456
1775557344549 7.54505 155648
1775557680140 9.584150000000001 163840
1775557924896 13.24655 172032
1775558277268 15.22075 180224
1775558520614 19.374 188416
1775558761556 20.34905 196608
1775559094265 25.673000000000002 204800
1775559333235 32.9844 212992
1775559700091 38.6109 221184
1775559950154 44.217749999999995 229376
1775560210307 52.192900000000016 237568
1775560539729 52.002300000000005 245760
1775560787662 47.11594999999999 253952
