1775791975932 0.008640501648187637 16384
1775792138766 0.013744087889790535 20000
1775792504966 0.006440567318350077 32768
1775792768883 0.011223731562495232 40000
1775793027466 0.006941230967640877 49152
1775793258248 0.004525872878730297 57344
1775793393923 0.007273910567164421 60000
1775793778931 0.005605056881904602 73728
1775794052230 0.0070485640317201614 80000
1775794362710 0.0028807218186557293 90112
1775794617534 0.002723453566431999 98304
1775794735792 0.004602424334734678 100000
1775795204083 0.0034176846966147423 114688
1775795418097 0.00460520014166832 120000
1775795749266 0.004996180534362793 131072
1775795993584 0.003332173451781273 139264
1775796088942 0.0029680051375180483 140000
1775796553213 0.0044130985625088215 155648
1775796743237 0.0032077105715870857 160000
1775797094437 0.004155047703534365 172032
1775797386585 0.0036390621680766344 180000
1775797633464 0.003918113186955452 188416
1775797874160 0.00208357535302639 196608
1775798032974 0.003102805931121111 200000
1775798413986 0.002740254160016775 212992
1775798686132 0.004461636766791344 220000
1775798960668 0.004022788256406784 229376
1775799212305 0.00382382539100945 237568
1775799348587 0.004363848827779293 240000
