1775791976013 0.08485107421875 16384
1775792138860 0.1159423828125 20000
1775792505048 0.02811279296875 32768
1775792768964 0.06402587890625 40000
1775793027543 0.05548095703125 49152
1775793258329 0.0334228515625 57344
1775793394003 0.0461181640625 60000
1775793779011 0.03922119140625 73728
1775794052312 0.03531494140625 80000
1775794362755 0.01798095703125 90112
1775794617616 0.0161376953125 98304
1775794735871 0.0370849609375 100000
1775795204185 0.02548828125 114688
1775795418178 0.0382568359375 120000
1775795749342 0.03818359375 131072
1775795993662 0.03660888671875 139264
1775796089023 0.022509765625 140000
1775796553298 0.0346435546875 155648
1775796743315 0.017919921875 160000
1775797094516 0.03560791015625 172032
1775797386666 0.03212890625 180000
1775797633545 0.03350830078125 188416
1775797874239 0.01844482421875 196608
1775798033056 0.02525634765625 200000
1775798414066 0.02947998046875 212992
1775798686214 0.02684326171875 220000
1775798960749 0.0384033203125 229376
1775799212385 0.02984619140625 237568
1775799348661 0.03958740234375 240000
