1775791976329 0.2 16384
1775792139129 0.2 20000
1775792505359 0.2 32768
1775792769295 0.2 40000
1775793027852 0.2 49152
1775793258646 0.2 57344
1775793394322 0.2 60000
1775793779334 0.2 73728
1775794052639 0.2 80000
1775794363081 0.2 90112
1775794617939 0.2 98304
1775794736191 0.2 100000
1775795204411 0.2 114688
1775795418504 0.2 120000
1775795749663 0.2 131072
1775795993988 0.2 139264
1775796089344 0.2 140000
1775796553615 0.2 155648
1775796743640 0.2 160000
1775797094835 0.2 172032
1775797386985 0.2 180000
1775797633865 0.2 188416
1775797874553 0.2 196608
1775798033385 0.2 200000
1775798414377 0.2 212992
1775798686530 0.2 220000
1775798961070 0.2 229376
1775799212702 0.2 237568
1775799348974 0.2 240000
