1775791975782 -1.091500787064433 16384
1775792138522 -1.079627695400268 20000
1775792504830 -1.0633739716373385 32768
1775792768650 -1.0140757183078677 40000
1775793027277 -0.9647605586796999 49152
1775793258077 -0.9622928606346249 57344
1775793393685 -0.9153633133508265 60000
1775793778732 -0.9096483912784606 73728
1775794051992 -0.8628520858474076 80000
1775794362547 -0.8341100106947124 90112
1775794617289 -0.8331340390257538 98304
1775794735546 -0.8101951630786062 100000
1775795203936 -0.7981165831908583 114688
1775795417861 -0.7920312019996345 120000
1775795749117 -0.7644949974492192 131072
1775795993373 -0.7457068647723645 139264
1775796088705 -0.764772378699854 140000
1775796552968 -0.7504966825712472 155648
1775796742997 -0.7484981003217399 160000
1775797094185 -0.7389056305866688 172032
1775797386345 -0.736139367846772 180000
1775797633226 -0.7524094311054796 188416
1775797873952 -0.7405080066528171 196608
1775798032734 -0.7763729935977608 200000
1775798413742 -0.7454731414560228 212992
1775798685927 -0.7087976991198957 220000
1775798960424 -0.7064659409224987 229376
1775799212103 -0.7027268098667264 237568
1775799348355 -0.6800972192548216 240000
