1775791976172 0.08349943161010742 16384
1775792138989 0.523516058921814 20000
1775792505202 0.7397184371948242 32768
1775792769118 0.859910249710083 40000
1775793027695 0.9025967121124268 49152
1775793258488 0.8855674862861633 57344
1775793394164 0.900132417678833 60000
1775793779170 0.908673107624054 73728
1775794052476 0.8886682987213135 80000
1775794362921 0.9139792323112488 90112
1775794617775 0.8837143778800964 98304
1775794736031 0.8576880693435669 100000
1775795204273 0.8797021508216858 114688
1775795418343 0.9047381281852722 120000
1775795749505 0.9146511554718018 131072
1775795993826 0.9368510246276855 139264
1775796089184 0.9118449091911316 140000
1775796553457 0.9023935198783875 155648
1775796743484 0.9020557403564453 160000
1775797094674 0.8866856098175049 172032
1775797386823 0.9105868339538574 180000
1775797633705 0.8987430334091187 188416
1775797874393 0.916172206401825 196608
1775798033215 0.9142981767654419 200000
1775798414221 0.8842118978500366 212992
1775798686374 0.9145982265472412 220000
1775798960910 0.8958203792572021 229376
1775799212542 0.9194281697273254 237568
1775799348820 0.9100393652915955 240000
