1775791975697 0.0003 16384
1775792138436 0.0003 20000
1775792504782 0.0003 32768
1775792768596 0.0003 40000
1775793027176 0.0003 49152
1775793258010 0.0003 57344
1775793393625 0.0003 60000
1775793778682 0.0003 73728
1775794051932 0.0003 80000
1775794362475 0.0003 90112
1775794617216 0.0003 98304
1775794735493 0.0003 100000
1775795203861 0.0003 114688
1775795417812 0.0003 120000
1775795749057 0.0003 131072
1775795993314 0.0003 139264
1775796088645 0.0003 140000
1775796552912 0.0003 155648
1775796742946 0.0003 160000
1775797094134 0.0003 172032
1775797386291 0.0003 180000
1775797633163 0.0003 188416
1775797873880 0.0003 196608
1775798032697 0.0003 200000
1775798413691 0.0003 212992
1775798685868 0.0003 220000
1775798960361 0.0003 229376
1775799212039 0.0003 237568
1775799348315 0.0003 240000
