1775791976093 0.7013974189758301 16384
1775792138925 0.4871382415294647 20000
1775792505124 0.6079927682876587 32768
1775792769039 0.3876148462295532 40000
1775793027619 0.17153407633304596 49152
1775793258409 0.38021960854530334 57344
1775793394084 0.1716882586479187 60000
1775793779092 0.16745297610759735 73728
1775794052395 0.518557608127594 80000
1775794362837 0.23700132966041565 90112
1775794617694 0.09729600697755814 98304
1775794735951 0.17349901795387268 100000
1775795204233 0.19628015160560608 114688
1775795418265 0.20474062860012054 120000
1775795749422 0.15982016921043396 131072
1775795993742 0.2305338978767395 139264
1775796089106 0.3626217544078827 140000
1775796553377 0.19181722402572632 155648
1775796743401 0.1133938878774643 160000
1775797094597 0.6486075520515442 172032
1775797386746 0.3544842302799225 180000
1775797633625 0.12912100553512573 188416
1775797874314 0.35796883702278137 196608
1775798033135 0.09555754065513611 200000
1775798414146 0.8285515904426575 212992
1775798686293 0.22310084104537964 220000
1775798960828 0.13430486619472504 229376
1775799212465 0.10618335008621216 237568
1775799348740 0.1350349336862564 240000
