1775791976255 10.0 16384
1775792139057 20.0 20000
1775792505283 30.0 32768
1775792769201 40.0 40000
1775793027772 50.0 49152
1775793258567 60.0 57344
1775793394243 70.0 60000
1775793779253 80.0 73728
1775794052558 90.0 80000
1775794363001 100.0 90112
1775794617856 110.0 98304
1775794736111 120.0 100000
1775795204364 130.0 114688
1775795418423 140.0 120000
1775795749582 150.0 131072
1775795993906 160.0 139264
1775796089265 170.0 140000
1775796553538 180.0 155648
1775796743560 190.0 160000
1775797094752 200.0 172032
1775797386905 210.0 180000
1775797633785 220.0 188416
1775797874473 230.0 196608
1775798033301 240.0 200000
1775798414299 250.0 212992
1775798686449 260.0 220000
1775798960989 270.0 229376
1775799212621 280.0 237568
1775799348896 290.0 240000
