1775791975845 -0.00852963214747433 16384
1775792138603 -0.005968183383811265 20000
1775792504877 -0.0015316739280024194 32768
1775792768722 -0.004456598775141174 40000
1775793027348 -0.0024632134396597393 49152
1775793258124 -0.0019449408404398128 57344
1775793393763 -0.0018255777413287433 60000
1775793778773 -0.002588783335068001 73728
1775794052069 -0.0014506001989502693 80000
1775794362600 -0.0009789743347937475 90112
1775794617376 -0.001642335373799142 98304
1775794735627 -0.0022594213845877676 100000
1775795203990 -0.0015105296235560673 114688
1775795417940 -0.0012149481477536027 120000
1775795749164 -0.002242073600882577 131072
1775795993417 -0.0027779313790233574 139264
1775796088783 -0.0003299624135252088 140000
1775796553053 -0.0012580875265484793 155648
1775796743076 -0.0006497674916317919 160000
1775797094270 -0.00241784398940581 172032
1775797386425 -0.0014421131463677739 180000
1775797633306 -0.0009866357742794208 188416
1775797873994 -4.103361334273359e-05 196608
1775798032815 -0.00018927228966276745 200000
1775798413825 -0.0011597500464631595 212992
1775798686021 -0.001293494025048858 220000
1775798960506 -0.001714733988410444 229376
1775799212147 -0.0026609023625496775 237568
1775799348433 -0.0024490367384714775 240000
