1775791975897 2.0956095432396977 16384
1775792138680 1.52884742426686 20000
1775792504923 1.1212785385781898 32768
1775792768804 0.789999222685583 40000
1775793027388 0.6163383340113796 49152
1775793258167 0.48254296473460273 57344
1775793393843 0.6588207292137668 60000
1775793778855 0.5466227250813972 73728
1775794052151 0.5982264356338419 80000
1775794362659 0.5125582221779041 90112
1775794617454 0.6031597384717315 98304
1775794735712 0.6301920269208494 100000
1775795204041 0.5521714982984122 114688
1775795418019 0.4940907345211599 120000
1775795749220 0.42226825657999145 131072
1775795993500 0.4062049082189333 139264
1775796088865 0.4167101089260541 140000
1775796553132 0.5613763296685648 155648
1775796743156 0.5036524362047203 160000
1775797094354 0.6028972231433727 172032
1775797386505 0.48119102442869915 180000
1775797633385 0.4236324862373294 188416
1775797874079 0.43541075764223935 196608
1775798032895 0.5046610791585409 200000
1775798413907 0.6394508374680299 212992
1775798686054 0.4679293164750561 220000
1775798960588 0.47420329147716983 229376
1775799212230 0.4066398462106008 237568
1775799348512 0.5228328375320416 240000
