1775791730460 147.45283018867926 8192
1775791976569 160.17 16384
1775792273232 175.94 24576
1775792505593 185.85 32768
1775792796332 185.3 40960
1775793028092 196.11 49152
1775793258879 199.04 57344
1775793546055 198.74 65536
1775793779578 191.71 73728
1775794110559 193.89 81920
1775794363332 189.18 90112
1775794618180 200.22 98304
1775794946421 199.93 106496
1775795204570 195.22 114688
1775795503887 195.82 122880
1775795749904 188.2 131072
1775795994227 193.68 139264
1775796307174 191.3 147456
1775796553857 188.65 155648
1775796854302 192.59 163840
1775797095076 182.48 172032
1775797393968 184.42 180224
1775797634105 185.75 188416
1775797874795 188.61 196608
1775798172022 192.51 204800
1775798414616 197.78 212992
1775798720662 206.15 221184
1775798961309 204.5 229376
1775799212937 191.52 237568
