1775791730405 -21.226509433962256 8192
1775791976493 -27.38025 16384
1775792273183 -35.51359999999999 24576
1775792505514 -39.02004999999999 32768
1775792796288 -40.5407 40960
1775793028012 -37.05235 49152
1775793258799 -36.2306 57344
1775793546010 -36.266099999999994 65536
1775793779496 -37.41755 73728
1775794110516 -35.85125 81920
1775794363250 -35.628400000000006 90112
1775794618099 -34.408500000000004 98304
1775794946361 -35.55535 106496
1775795204490 -36.179 114688
1775795503842 -35.316 122880
1775795749823 -35.760799999999996 131072
1775795994146 -35.2356 139264
1775796307131 -35.476299999999995 147456
1775796553775 -35.93555 155648
1775796854258 -34.74545 163840
1775797094993 -36.271 172032
1775797393918 -36.253099999999996 180224
1775797634024 -36.294250000000005 188416
1775797874715 -35.87445 196608
1775798171937 -35.24035000000001 204800
1775798414536 -35.044599999999996 212992
1775798720577 -33.672349999999994 221184
1775798961228 -33.252700000000004 229376
1775799212858 -34.178000000000004 237568
